1
2
3
4
5
6
7
8
9
10
11
12
13
14
15
16
17
18
19
20
21
22
23
25
26
27
28
29
31
33
34
35
37
39
41
43
45
46
47
49
51
53
55
57
59
61
63
65
67
69
71
73
75
77
79
81
83
85
87
89
91
93
95
97
99
101
103
105
107
109
111
113
115
117
119
121
123
125
127
129
131
133
135
137
139
141
143
145
147
149
151
153
155
157
159
161
163
165
167
169
171
173
175
177
179
181
183
185
187
189
191
193
195
197
199
201
203
205
207
209
211
213
215
217
219
221
223
225
227
229
231
233
235
237
239
241
243
245
247
249
251
253
255
257
259
261
263
265
267
269
271
273
275
277
279
281
283
285
287
289
291
293
295
297
299
301
303
305
307
309
311
313
315
317
319
321
323
325
327
329
331
333
335
337
339
341
343
345
347
349
351
353
355
357
359
361
363
365
367
369
371
373
375
377
379
381
383
385
387
389
391
393
395
397
399
401
403
405
407
409
411
413
415
417
419
421
423
425
427
429
431
433
435
437
439
441
443
445
447
449
451
453
455
457
459
461
463
465
467
469
471
473
475
477
479
481
483
485
487
489
491
493
495
497
499
501
503
505
507
509
511
513
515
517
519
521
523
525
527
529
531
533
535
537
539
541
543
545
547
549
551
553
555
557
559
561
563
565
567
569
571
573
575
577
579
581
583
585
587
589
591
593
595
597
599
601
603
605
607
609
611
613
615
617
619
621
623
625
627
629
631
633
635
637
639
641
643
645
647
649
651
653
655
657
659
661
663
665
667
669
671
673
675
677
679
681
683
685
687
689
691
693
695
697
699
701
703
705
707
709
711
713
715
717
719
721
723
725
727
729
731
733
735
737
739
741
743
745
747
749
751
753
755
757
759
761
763
765
767
769
771
773
775
777
779
781
783
785
787
789
791
793
795
797
799
801
803
805
807
809
811
813
815
817
819
821
823
825
827
829
831
833
835
837
839
841
843
845
847
849
851
853
855
857
859
861
863
865
867
869
871
873
875
877
879
881
883
885
887
889
891
893
895
897
899
901
903
905
907
909
911
913
915
917
919
921
923
925
927
929
931
933
935
937
939
941
943
945
947
949
951
953
955
959
961
967
971
973
977
979
983
989
991
995
997
1003
1007
1009
1013
1019
1021
1027
1031
1037
1039
1043
1051
1055
1061
1063
1067
1069
1073
1075
1079
1081
1087
1091
1093
1097
1099
1103
1109
1111
1115
1117
1123
1127
1129
1133
1135
1139
1147
1151
1157
1159
1163
1171
1175
1177
1181
1183
1187
1189
1193
1195
1199
1201
1207
1211
1213
1219
1223
1229
1231
1235
1237
1241
1243
1247
1255
1259
1261
1267
1271
1273
1277
1279
1283
1289
1291
1301
1303
1307
1315
1319
1321
1327
1331
1333
1339
1343
1349
1351
1355
1357
1363
1367
1369
1373
1375
1379
1381
1387
1391
1397
1399
1403
1411
1415
1417
1423
1427
1429
1433
1439
1441
1447
1451
1453
1457
1459
1463
1469
1471
1475
1481
1483
1487
1493
1499
1501
1507
1511
1513
1519
1523
1529
1531
1535
1537
1541
1543
1547
1549
1555
1559
1567
1571
1573
1577
1579
1583
1591
1597
1601
1603
1607
1609
1613
1619
1621
1627
1633
1637
1639
1643
1651
1657
1661
1667
1669
1691
1697
1699
1703
1709
1711
1717
1721
1723
1727
1733
1739
1741
1747
1753
1759
1763
1769
1787
1789
1793
1801
1807
1811
1817
1819
1823
1829
1831
1837
1843
1849
1853
1859
1861
1867
1871
1877
1889
1891
1901
1903
1907
1909
1919
1921
1931
1933
1949
1951
1957
1961
1963
1969
1973
1979
1987
1993
1997
1999
2003
2011
2017
2021
2027
2029
2041
2047
2053
2057
2059
2063
2069
2071
2077
2081
2083
2087
2099
2101
2111
2113
2117
2123
2131
2137
2141
2143
2153
2159
2167
2171
2173
2179
2189
2197
2201
2203
2207
2209
2213
2221
2227
2231
2237
2239
2243
2249
2251
2263
2267
2269
2273
2281
2287
2291
2299
2327
2329
2333
2339
2341
2347
2351
2357
2363
2369
2371
2377
2383
2389
2393
2399
2419
2423
2431
2437
2447
2453
2459
2461
2467
2473
2479
2483
